Solution to the problem: 
21 , 33 , 44 , 112 , 155 , 208 , 221 , 243 , 262 , 301 , 329 , 352 , 378 , 399 , 412 , 485 , 499 , 524 , 565 , 573 , 615 , 666 , 716 , 73 , 643 , 320 , 726 , 630 , 315 , 9 , 126 , 522 , 432 , 537 , 697 , 67 , 11 , 50 , 61 , 245 , 452 , 380 , 133 , 296 , 465 , 541 , 705 , 143 , 489 , 509 , 557 , 632 , 668 , 191 , 201 , 147 , 231 , 394 , 469 , 95 , 82 , 105 , 166 , 656 , 346 , 341 , 178 , 188 , 417 , 273 , 286 , 258 , 577 , 592 , 366 , 682 , 685 , 602 , 608 , 445 , 437


Sudoku Solution:

9 11 21 33 44 50 61 67 73 
82 95 105 112 126 133 143 147 155 
166 178 188 191 201 208 221 231 243 
245 258 262 273 286 296 301 315 320 
329 341 346 352 366 378 380 394 399 
412 417 432 437 445 452 465 469 485 
489 499 509 522 524 537 541 557 565 
573 577 592 602 608 615 630 632 643 
656 666 668 682 685 697 705 716 726 


