Solution to the exact cover problem ( rows of the binary matrix): 
21 , 33 , 44 , 112 , 155 , 208 , 221 , 243 , 262 , 301 , 329 , 352 , 378 , 399 , 412 , 485 , 499 , 524 , 565 , 573 , 615 , 666 , 716 , 73 , 643 , 320 , 726 , 549 , 315 , 9 , 126 , 603 , 432 , 537 , 11 , 245 , 67 , 50 , 61 , 394 , 380 , 141 , 474 , 460 , 705 , 629 , 550 , 632 , 191 , 452 , 668 , 147 , 233 , 201 , 489 , 133 , 417 , 273 , 258 , 286 , 296 , 366 , 697 , 445 , 437 , 509 , 521 , 608 , 685 , 682 , 656 , 577 , 592 , 178 , 186 , 166 , 82 , 107 , 95 , 341 , 346


Sudoku Solution:

1 3 4 7 9 6 8 5 2 
2 6 9 5 1 8 7 4 3 
5 8 7 3 4 2 6 9 1 
3 7 2 4 8 9 5 1 6 
6 9 5 2 7 1 3 8 4 
8 4 1 6 5 3 2 7 9 
4 5 6 9 3 7 1 2 8 
7 2 8 1 6 4 9 3 5 
9 1 3 8 2 5 4 6 7 


Solution to the exact cover problem ( rows of the binary matrix): 
21 , 33 , 44 , 112 , 155 , 208 , 221 , 243 , 262 , 301 , 329 , 352 , 378 , 399 , 412 , 485 , 499 , 524 , 565 , 573 , 615 , 666 , 716 , 73 , 643 , 320 , 726 , 549 , 315 , 9 , 126 , 603 , 432 , 537 , 47 , 67 , 14 , 61 , 394 , 131 , 446 , 518 , 192 , 205 , 583 , 106 , 91 , 682 , 295 , 434 , 278 , 701 , 454 , 688 , 380 , 604 , 282 , 366 , 245 , 258 , 668 , 632 , 173 , 417 , 341 , 346 , 166 , 590 , 629 , 186 , 233 , 89 , 512 , 138 , 150 , 469 , 465 , 552 , 487 , 651 , 703


Sudoku Solution:

1 6 4 7 9 3 8 5 2 
9 2 8 5 1 6 4 7 3 
5 3 7 4 8 2 6 9 1 
3 7 2 9 4 8 5 1 6 
6 9 5 2 7 1 3 8 4 
8 4 1 3 6 5 7 2 9 
2 5 9 6 3 7 1 4 8 
7 8 6 1 2 4 9 3 5 
4 1 3 8 5 9 2 6 7 


Solution to the exact cover problem ( rows of the binary matrix): 
21 , 33 , 44 , 112 , 155 , 208 , 221 , 243 , 262 , 301 , 329 , 352 , 378 , 399 , 412 , 485 , 499 , 524 , 565 , 573 , 615 , 666 , 716 , 73 , 643 , 320 , 726 , 549 , 315 , 9 , 126 , 603 , 432 , 537 , 47 , 67 , 14 , 61 , 394 , 131 , 446 , 518 , 192 , 205 , 583 , 106 , 91 , 682 , 295 , 434 , 278 , 701 , 454 , 688 , 380 , 604 , 282 , 366 , 245 , 258 , 668 , 632 , 173 , 417 , 341 , 346 , 166 , 590 , 629 , 186 , 233 , 89 , 512 , 141 , 147 , 460 , 474 , 550 , 489 , 649 , 705


Sudoku Solution:

1 6 4 7 9 3 8 5 2 
9 2 8 5 1 6 7 4 3 
5 3 7 4 8 2 6 9 1 
3 7 2 9 4 8 5 1 6 
6 9 5 2 7 1 3 8 4 
8 4 1 3 6 5 2 7 9 
4 5 9 6 3 7 1 2 8 
7 8 6 1 2 4 9 3 5 
2 1 3 8 5 9 4 6 7 


Solution to the exact cover problem ( rows of the binary matrix): 
21 , 33 , 44 , 112 , 155 , 208 , 221 , 243 , 262 , 301 , 329 , 352 , 378 , 399 , 412 , 485 , 499 , 524 , 565 , 573 , 615 , 666 , 716 , 73 , 643 , 320 , 726 , 549 , 315 , 9 , 126 , 603 , 432 , 537 , 47 , 67 , 14 , 61 , 394 , 131 , 446 , 518 , 192 , 205 , 583 , 106 , 91 , 700 , 277 , 434 , 683 , 380 , 688 , 604 , 245 , 668 , 632 , 173 , 166 , 186 , 233 , 89 , 512 , 629 , 590 , 346 , 138 , 150 , 651 , 487 , 552 , 469 , 703 , 465 , 454 , 417 , 296 , 258 , 282 , 341 , 366


Sudoku Solution:

1 6 4 7 9 3 8 5 2 
9 2 8 5 1 6 4 7 3 
5 3 7 4 8 2 6 9 1 
3 7 2 8 4 9 5 1 6 
6 9 5 2 7 1 3 8 4 
8 4 1 3 6 5 7 2 9 
2 5 9 6 3 7 1 4 8 
7 8 6 1 2 4 9 3 5 
4 1 3 9 5 8 2 6 7 


Solution to the exact cover problem ( rows of the binary matrix): 
21 , 33 , 44 , 112 , 155 , 208 , 221 , 243 , 262 , 301 , 329 , 352 , 378 , 399 , 412 , 485 , 499 , 524 , 565 , 573 , 615 , 666 , 716 , 73 , 643 , 320 , 726 , 549 , 315 , 9 , 126 , 603 , 432 , 537 , 47 , 67 , 14 , 61 , 394 , 131 , 446 , 518 , 192 , 205 , 583 , 106 , 91 , 700 , 277 , 434 , 683 , 380 , 688 , 604 , 245 , 668 , 632 , 173 , 166 , 186 , 233 , 89 , 512 , 629 , 590 , 346 , 141 , 147 , 550 , 474 , 489 , 649 , 705 , 460 , 454 , 417 , 296 , 258 , 282 , 341 , 366


Sudoku Solution:

1 6 4 7 9 3 8 5 2 
9 2 8 5 1 6 7 4 3 
5 3 7 4 8 2 6 9 1 
3 7 2 8 4 9 5 1 6 
6 9 5 2 7 1 3 8 4 
8 4 1 3 6 5 2 7 9 
4 5 9 6 3 7 1 2 8 
7 8 6 1 2 4 9 3 5 
2 1 3 9 5 8 4 6 7 


Solution to the exact cover problem ( rows of the binary matrix): 
21 , 33 , 44 , 112 , 155 , 208 , 221 , 243 , 262 , 301 , 329 , 352 , 378 , 399 , 412 , 485 , 499 , 524 , 565 , 573 , 615 , 666 , 716 , 73 , 643 , 320 , 726 , 549 , 315 , 9 , 126 , 603 , 432 , 537 , 47 , 67 , 14 , 61 , 394 , 131 , 446 , 518 , 201 , 196 , 366 , 258 , 465 , 688 , 604 , 286 , 700 , 683 , 245 , 296 , 273 , 380 , 434 , 668 , 632 , 173 , 454 , 703 , 651 , 552 , 417 , 469 , 138 , 629 , 583 , 590 , 106 , 186 , 150 , 166 , 233 , 89 , 91 , 487 , 512 , 341 , 346


Sudoku Solution:

1 6 4 7 9 3 8 5 2 
9 2 8 5 1 6 4 7 3 
5 3 7 8 4 2 6 9 1 
3 7 2 4 8 9 5 1 6 
6 9 5 2 7 1 3 8 4 
8 4 1 3 6 5 7 2 9 
2 5 9 6 3 7 1 4 8 
7 8 6 1 2 4 9 3 5 
4 1 3 9 5 8 2 6 7 


Solution to the exact cover problem ( rows of the binary matrix): 
21 , 33 , 44 , 112 , 155 , 208 , 221 , 243 , 262 , 301 , 329 , 352 , 378 , 399 , 412 , 485 , 499 , 524 , 565 , 573 , 615 , 666 , 716 , 73 , 643 , 320 , 726 , 549 , 315 , 9 , 126 , 603 , 432 , 537 , 47 , 67 , 14 , 61 , 394 , 131 , 446 , 518 , 201 , 196 , 366 , 258 , 474 , 141 , 147 , 233 , 550 , 632 , 186 , 173 , 166 , 380 , 434 , 245 , 460 , 273 , 417 , 454 , 683 , 688 , 668 , 296 , 286 , 604 , 649 , 700 , 705 , 489 , 512 , 583 , 590 , 629 , 341 , 91 , 106 , 89 , 346


Sudoku Solution:

1 6 4 7 9 3 8 5 2 
9 2 8 5 1 6 7 4 3 
5 3 7 8 4 2 6 9 1 
3 7 2 4 8 9 5 1 6 
6 9 5 2 7 1 3 8 4 
8 4 1 3 6 5 2 7 9 
4 5 9 6 3 7 1 2 8 
7 8 6 1 2 4 9 3 5 
2 1 3 9 5 8 4 6 7 


Solution to the exact cover problem ( rows of the binary matrix): 
21 , 33 , 44 , 112 , 155 , 208 , 221 , 243 , 262 , 301 , 329 , 352 , 378 , 399 , 412 , 485 , 499 , 524 , 565 , 573 , 615 , 666 , 716 , 73 , 643 , 320 , 726 , 630 , 315 , 9 , 126 , 522 , 432 , 537 , 688 , 47 , 67 , 14 , 61 , 394 , 131 , 446 , 599 , 454 , 295 , 701 , 682 , 205 , 192 , 604 , 583 , 106 , 91 , 632 , 593 , 548 , 89 , 233 , 147 , 141 , 474 , 550 , 705 , 417 , 282 , 489 , 509 , 366 , 341 , 278 , 186 , 258 , 245 , 166 , 173 , 649 , 668 , 380 , 460 , 434 , 346


Sudoku Solution:

1 6 4 7 9 3 8 5 2 
9 2 8 5 1 6 7 4 3 
5 3 7 4 8 2 6 9 1 
3 7 2 9 4 8 5 1 6 
6 9 5 2 7 1 3 8 4 
8 4 1 3 6 5 2 7 9 
4 5 6 1 3 7 9 2 8 
7 8 9 6 2 4 1 3 5 
2 1 3 8 5 9 4 6 7 


Solution to the exact cover problem ( rows of the binary matrix): 
21 , 33 , 44 , 112 , 155 , 208 , 221 , 243 , 262 , 301 , 329 , 352 , 378 , 399 , 412 , 485 , 499 , 524 , 565 , 573 , 615 , 666 , 716 , 73 , 643 , 320 , 726 , 630 , 315 , 9 , 126 , 522 , 432 , 537 , 688 , 47 , 67 , 14 , 61 , 394 , 131 , 446 , 599 , 454 , 295 , 701 , 682 , 205 , 192 , 604 , 583 , 106 , 91 , 632 , 593 , 548 , 89 , 233 , 150 , 138 , 552 , 469 , 417 , 282 , 651 , 668 , 703 , 366 , 341 , 278 , 434 , 465 , 380 , 346 , 186 , 258 , 245 , 166 , 173 , 487 , 509


Sudoku Solution:

1 6 4 7 9 3 8 5 2 
9 2 8 5 1 6 4 7 3 
5 3 7 4 8 2 6 9 1 
3 7 2 9 4 8 5 1 6 
6 9 5 2 7 1 3 8 4 
8 4 1 3 6 5 7 2 9 
2 5 6 1 3 7 9 4 8 
7 8 9 6 2 4 1 3 5 
4 1 3 8 5 9 2 6 7 


Solution to the exact cover problem ( rows of the binary matrix): 
21 , 33 , 44 , 112 , 155 , 208 , 221 , 243 , 262 , 301 , 329 , 352 , 378 , 399 , 412 , 485 , 499 , 524 , 565 , 573 , 615 , 666 , 716 , 73 , 643 , 320 , 726 , 630 , 315 , 9 , 126 , 522 , 432 , 537 , 688 , 47 , 67 , 14 , 61 , 394 , 131 , 446 , 599 , 454 , 700 , 296 , 583 , 106 , 91 , 196 , 683 , 286 , 201 , 366 , 604 , 258 , 245 , 273 , 380 , 434 , 668 , 632 , 173 , 593 , 341 , 417 , 346 , 186 , 166 , 233 , 89 , 548 , 509 , 138 , 150 , 469 , 465 , 552 , 487 , 651 , 703


Sudoku Solution:

1 6 4 7 9 3 8 5 2 
9 2 8 5 1 6 4 7 3 
5 3 7 8 4 2 6 9 1 
3 7 2 4 8 9 5 1 6 
6 9 5 2 7 1 3 8 4 
8 4 1 3 6 5 7 2 9 
2 5 6 1 3 7 9 4 8 
7 8 9 6 2 4 1 3 5 
4 1 3 9 5 8 2 6 7 


Solution to the exact cover problem ( rows of the binary matrix): 
21 , 33 , 44 , 112 , 155 , 208 , 221 , 243 , 262 , 301 , 329 , 352 , 378 , 399 , 412 , 485 , 499 , 524 , 565 , 573 , 615 , 666 , 716 , 73 , 643 , 320 , 726 , 630 , 315 , 9 , 126 , 522 , 432 , 537 , 688 , 47 , 67 , 14 , 61 , 394 , 131 , 446 , 599 , 454 , 700 , 296 , 583 , 106 , 91 , 196 , 683 , 286 , 201 , 366 , 604 , 258 , 245 , 273 , 380 , 434 , 668 , 632 , 173 , 593 , 341 , 417 , 346 , 186 , 166 , 233 , 89 , 548 , 509 , 141 , 147 , 460 , 474 , 550 , 489 , 649 , 705


Sudoku Solution:

1 6 4 7 9 3 8 5 2 
9 2 8 5 1 6 7 4 3 
5 3 7 8 4 2 6 9 1 
3 7 2 4 8 9 5 1 6 
6 9 5 2 7 1 3 8 4 
8 4 1 3 6 5 2 7 9 
4 5 6 1 3 7 9 2 8 
7 8 9 6 2 4 1 3 5 
2 1 3 9 5 8 4 6 7 


Solution to the exact cover problem ( rows of the binary matrix): 
21 , 33 , 44 , 112 , 155 , 208 , 221 , 243 , 262 , 301 , 329 , 352 , 378 , 399 , 412 , 485 , 499 , 524 , 565 , 573 , 615 , 666 , 716 , 73 , 643 , 320 , 726 , 630 , 315 , 9 , 126 , 522 , 432 , 537 , 688 , 47 , 67 , 14 , 61 , 394 , 131 , 446 , 599 , 454 , 700 , 296 , 583 , 106 , 91 , 205 , 192 , 683 , 604 , 277 , 434 , 380 , 282 , 366 , 245 , 258 , 668 , 632 , 173 , 593 , 341 , 417 , 346 , 186 , 166 , 233 , 89 , 548 , 509 , 138 , 150 , 469 , 465 , 552 , 487 , 651 , 703


Sudoku Solution:

1 6 4 7 9 3 8 5 2 
9 2 8 5 1 6 4 7 3 
5 3 7 4 8 2 6 9 1 
3 7 2 8 4 9 5 1 6 
6 9 5 2 7 1 3 8 4 
8 4 1 3 6 5 7 2 9 
2 5 6 1 3 7 9 4 8 
7 8 9 6 2 4 1 3 5 
4 1 3 9 5 8 2 6 7 


Solution to the exact cover problem ( rows of the binary matrix): 
21 , 33 , 44 , 112 , 155 , 208 , 221 , 243 , 262 , 301 , 329 , 352 , 378 , 399 , 412 , 485 , 499 , 524 , 565 , 573 , 615 , 666 , 716 , 73 , 643 , 320 , 726 , 630 , 315 , 9 , 126 , 522 , 432 , 537 , 688 , 47 , 67 , 14 , 61 , 394 , 131 , 446 , 599 , 454 , 700 , 296 , 583 , 106 , 91 , 205 , 192 , 683 , 604 , 277 , 434 , 380 , 282 , 366 , 245 , 258 , 668 , 632 , 173 , 593 , 341 , 417 , 346 , 186 , 166 , 233 , 89 , 548 , 509 , 141 , 147 , 460 , 474 , 550 , 489 , 649 , 705


Sudoku Solution:

1 6 4 7 9 3 8 5 2 
9 2 8 5 1 6 7 4 3 
5 3 7 4 8 2 6 9 1 
3 7 2 8 4 9 5 1 6 
6 9 5 2 7 1 3 8 4 
8 4 1 3 6 5 2 7 9 
4 5 6 1 3 7 9 2 8 
7 8 9 6 2 4 1 3 5 
2 1 3 9 5 8 4 6 7 


Solution to the exact cover problem ( rows of the binary matrix): 
21 , 33 , 44 , 112 , 155 , 208 , 221 , 243 , 262 , 301 , 329 , 352 , 378 , 399 , 412 , 485 , 499 , 524 , 565 , 573 , 615 , 666 , 716 , 73 , 643 , 320 , 726 , 630 , 315 , 9 , 126 , 522 , 432 , 537 , 697 , 67 , 11 , 50 , 61 , 245 , 452 , 380 , 133 , 296 , 141 , 474 , 394 , 460 , 341 , 346 , 366 , 258 , 417 , 273 , 286 , 201 , 445 , 437 , 191 , 147 , 233 , 107 , 82 , 95 , 577 , 550 , 178 , 186 , 166 , 685 , 668 , 608 , 632 , 602 , 682 , 592 , 509 , 489 , 548 , 656 , 705


Sudoku Solution:

1 3 4 7 9 6 8 5 2 
2 6 9 5 1 8 7 4 3 
5 8 7 3 4 2 6 9 1 
3 7 2 4 8 9 5 1 6 
6 9 5 2 7 1 3 8 4 
8 4 1 6 5 3 2 7 9 
4 5 6 1 3 7 9 2 8 
7 2 8 9 6 4 1 3 5 
9 1 3 8 2 5 4 6 7 


Solution to the exact cover problem ( rows of the binary matrix): 
21 , 33 , 44 , 112 , 155 , 208 , 221 , 243 , 262 , 301 , 329 , 352 , 378 , 399 , 412 , 485 , 499 , 524 , 565 , 573 , 615 , 666 , 716 , 73 , 643 , 320 , 726 , 630 , 315 , 9 , 126 , 522 , 432 , 537 , 697 , 67 , 11 , 50 , 61 , 245 , 452 , 380 , 133 , 296 , 141 , 474 , 394 , 460 , 341 , 346 , 366 , 258 , 417 , 273 , 286 , 201 , 445 , 437 , 191 , 147 , 233 , 107 , 82 , 95 , 577 , 550 , 178 , 186 , 166 , 685 , 668 , 608 , 632 , 602 , 682 , 592 , 509 , 494 , 543 , 651 , 710


Sudoku Solution:

1 3 4 7 9 6 8 5 2 
2 6 9 5 1 8 7 4 3 
5 8 7 3 4 2 6 9 1 
3 7 2 4 8 9 5 1 6 
6 9 5 2 7 1 3 8 4 
8 4 1 6 5 3 2 7 9 
9 5 6 1 3 7 4 2 8 
7 2 8 9 6 4 1 3 5 
4 1 3 8 2 5 9 6 7 


Solution to the exact cover problem ( rows of the binary matrix): 
21 , 33 , 44 , 112 , 155 , 208 , 221 , 243 , 262 , 301 , 329 , 352 , 378 , 399 , 412 , 485 , 499 , 524 , 565 , 573 , 615 , 666 , 716 , 73 , 643 , 320 , 726 , 630 , 315 , 9 , 126 , 522 , 432 , 537 , 697 , 67 , 11 , 50 , 61 , 245 , 452 , 380 , 133 , 296 , 465 , 541 , 138 , 710 , 494 , 552 , 509 , 632 , 668 , 191 , 602 , 608 , 437 , 201 , 417 , 273 , 445 , 469 , 651 , 682 , 685 , 394 , 366 , 286 , 258 , 577 , 592 , 178 , 82 , 166 , 346 , 341 , 95 , 105 , 152 , 188 , 231


Sudoku Solution:

1 3 4 7 9 6 8 5 2 
2 6 7 5 1 8 4 9 3 
5 8 9 3 4 2 6 7 1 
3 7 2 4 8 9 5 1 6 
6 9 5 2 7 1 3 8 4 
8 4 1 6 5 3 7 2 9 
9 5 6 1 3 7 2 4 8 
7 2 8 9 6 4 1 3 5 
4 1 3 8 2 5 9 6 7 


Solution to the exact cover problem ( rows of the binary matrix): 
21 , 33 , 44 , 112 , 155 , 208 , 221 , 243 , 262 , 301 , 329 , 352 , 378 , 399 , 412 , 485 , 499 , 524 , 565 , 573 , 615 , 666 , 716 , 73 , 643 , 320 , 726 , 630 , 315 , 9 , 126 , 522 , 432 , 537 , 697 , 67 , 11 , 50 , 61 , 245 , 452 , 380 , 133 , 296 , 465 , 541 , 138 , 710 , 494 , 552 , 509 , 632 , 668 , 191 , 602 , 608 , 437 , 201 , 417 , 273 , 445 , 469 , 651 , 682 , 685 , 394 , 366 , 286 , 258 , 577 , 592 , 178 , 82 , 166 , 346 , 341 , 95 , 107 , 150 , 186 , 233


Sudoku Solution:

1 3 4 7 9 6 8 5 2 
2 6 9 5 1 8 4 7 3 
5 8 7 3 4 2 6 9 1 
3 7 2 4 8 9 5 1 6 
6 9 5 2 7 1 3 8 4 
8 4 1 6 5 3 7 2 9 
9 5 6 1 3 7 2 4 8 
7 2 8 9 6 4 1 3 5 
4 1 3 8 2 5 9 6 7 


Solution to the exact cover problem ( rows of the binary matrix): 
21 , 33 , 44 , 112 , 155 , 208 , 221 , 243 , 262 , 301 , 329 , 352 , 378 , 399 , 412 , 485 , 499 , 524 , 565 , 573 , 615 , 666 , 716 , 73 , 643 , 320 , 726 , 630 , 315 , 9 , 126 , 522 , 432 , 537 , 697 , 67 , 11 , 50 , 61 , 245 , 452 , 380 , 133 , 296 , 465 , 541 , 705 , 143 , 489 , 509 , 557 , 632 , 668 , 191 , 201 , 147 , 231 , 394 , 469 , 95 , 82 , 105 , 166 , 656 , 346 , 341 , 178 , 188 , 417 , 273 , 286 , 258 , 577 , 592 , 366 , 682 , 685 , 602 , 608 , 445 , 437


Sudoku Solution:

1 3 4 7 9 6 8 5 2 
2 6 7 5 1 8 9 4 3 
5 8 9 3 4 2 6 7 1 
3 7 2 4 8 9 5 1 6 
6 9 5 2 7 1 3 8 4 
8 4 1 6 5 3 7 2 9 
4 5 6 1 3 7 2 9 8 
7 2 8 9 6 4 1 3 5 
9 1 3 8 2 5 4 6 7 


